mean: 0.009786516000000002
standard deviation: 0.0005510441304868421
variance: 3.0364963374399995e-07
max: 0.015609
min: 0.009445
