mean: 0.010647405200000001
standard deviation: 0.0005150286936598387
variance: 2.6525455529296e-07
max: 0.0182007
min: 0.0103533
