mean: 0.042093412000000004
standard deviation: 0.0006028213817176693
variance: 3.63393618256e-07
max: 0.047961
min: 0.041617
