mean: 0.0118838
standard deviation: 0.0022548485004540778
variance: 5.084341760000002e-06
max: 0.01467
min: 0.009682
