mean: 0.062131134000000005
standard deviation: 0.0020797916618748137
variance: 4.325533356804e-06
max: 0.071382
min: 0.0603308
