mean: 0.011868804
standard deviation: 0.0008227452908306434
variance: 6.769098135839999e-07
max: 0.020692
min: 0.011563
