mean: 0.0141428
standard deviation: 0.002313048845139247
variance: 5.350194960000004e-06
max: 0.017087
min: 0.011876
