mean: 0.00815500676
standard deviation: 0.0001625109413975022
variance: 2.6409806073902394e-08
max: 0.00927622
min: 0.00795977
