mean: 0.0777592892
standard deviation: 0.001673301821478528
variance: 2.79993898576336e-06
max: 0.0897938
min: 0.0761427
