mean: 0.0765148592
standard deviation: 0.000918016093505642
variance: 8.427535479353598e-07
max: 0.0821739
min: 0.0747054
