mean: 0.07786280400000001
standard deviation: 0.004358171623465969
variance: 1.8993659899584e-05
max: 0.101495
min: 0.0723611
