mean: 0.089619672
standard deviation: 0.0013202368836901961
variance: 1.7430254290560004e-06
max: 0.101313
min: 0.087633
