mean: 0.0881158192
standard deviation: 0.002205959413885795
variance: 4.86625693571136e-06
max: 0.0974306
min: 0.0860418
